### Body
35041,35046,35051,35056,35061,35066,35071
### Head
35040,35045,35050,35055,35060,35065,35070
### Hands
35042,35047,35052,35057,35062,35067,35072
### Legs
35043,35048,35053,35058,35063,35068,35073
### Feet
35044,35049,35054,35059,35064,35069,35074

### Earrings
35075,35076,35077,35078,35079
### Neck
35080,35081,35082,35083,35084
### Wrist
35085,35086,35087,35088,35089
### Rings
35090,35091,35092,35093,35094

### Weapons
35020,35021,35022,35023,35024,35025,35026,35027,35028,35029,35030,35031,35032,35033,35034,35035,35036,35037,35038,35039